410 300 6.0 
410 301 5.0 
410 302 5.0 
410 303 4.0 
410 304 4.0 
410 305 4.0 
410 306 4.0 
410 307 4.0 
410 308 4.0 
410 309 4.0 
410 310 4.0 
410 311 4.0 
410 312 4.0 
410 313 4.0 
410 314 4.0 
410 315 4.0 
411 300 5.0 
411 301 5.0 
411 302 4.0 
411 303 4.0 
411 304 4.0 
411 305 4.0 
411 306 4.0 
411 307 4.0 
411 308 4.0 
411 309 4.0 
411 310 4.0 
411 317 4.0 
411 318 4.0 
411 319 4.0 
411 320 4.0 
411 321 4.0 
411 322 4.0 
411 323 4.0 
411 324 4.0 
412 300 5.0 
412 301 5.0 
412 302 4.0 
412 303 4.0 
412 304 4.0 
412 305 4.0 
412 306 4.0 
412 307 4.0 
412 308 4.0 
412 309 4.0 
412 316 4.0 
412 317 4.0 
412 318 4.0 
412 319 4.0 
412 320 4.0 
412 321 4.0 
412 322 4.0 
412 323 4.0 
412 324 4.0 
413 300 5.0 
413 301 5.0 
413 302 5.0 
413 303 4.0 
413 304 4.0 
413 305 4.0 
413 306 4.0 
413 307 4.0 
413 308 4.0 
413 315 4.0 
413 316 4.0 
413 317 4.0 
413 318 4.0 
413 319 4.0 
413 320 4.0 
413 321 4.0 
413 330 4.0 
413 331 4.0 
413 332 4.0 
414 300 5.0 
414 301 4.0 
414 302 4.0 
414 303 4.0 
414 304 4.0 
414 305 4.0 
414 306 4.0 
414 307 4.0 
414 308 4.0 
414 315 4.0 
414 316 4.0 
414 317 4.0 
414 318 4.0 
414 319 4.0 
414 320 4.0 
414 321 4.0 
414 322 4.0 
414 326 4.0 
414 327 4.0 
414 328 4.0 
414 329 4.0 
414 330 4.0 
414 331 4.0 
414 332 4.0 
414 333 4.0 
414 334 4.0 
415 300 4.0 
415 301 4.0 
415 302 4.0 
415 303 4.0 
415 304 4.0 
415 305 4.0 
415 306 4.0 
415 307 4.0 
415 308 4.0 
415 315 4.0 
415 316 4.0 
415 317 4.0 
415 318 4.0 
415 319 4.0 
415 320 4.0 
415 321 4.0 
415 322 4.0 
415 323 4.0 
415 324 4.0 
415 325 4.0 
415 326 4.0 
415 327 4.0 
415 328 4.0 
415 329 4.0 
415 330 4.0 
415 331 4.0 
415 332 4.0 
415 333 4.0 
415 334 4.0 
416 300 4.0 
416 301 4.0 
416 302 4.0 
416 303 4.0 
416 304 4.0 
416 305 4.0 
416 306 4.0 
416 307 4.0 
416 308 4.0 
416 313 4.0 
416 314 4.0 
416 315 4.0 
416 316 4.0 
416 317 4.0 
416 318 4.0 
416 319 4.0 
416 320 4.0 
416 321 4.0 
416 322 4.0 
416 323 4.0 
416 324 4.0 
416 325 4.0 
416 326 4.0 
416 327 4.0 
416 328 4.0 
416 329 4.0 
416 330 4.0 
416 331 4.0 
416 332 4.0 
416 333 4.0 
416 334 4.0 
417 300 4.0 
417 301 4.0 
417 302 4.0 
417 303 4.0 
417 304 4.0 
417 305 4.0 
417 306 4.0 
417 307 4.0 
417 308 4.0 
417 309 4.0 
417 310 4.0 
417 312 4.0 
417 313 4.0 
417 314 4.0 
417 315 4.0 
417 316 4.0 
417 317 4.0 
418 300 4.0 
418 301 4.0 
418 302 4.0 
418 303 4.0 
418 304 4.0 
418 305 4.0 
418 306 4.0 
418 307 4.0 
418 308 4.0 
418 309 4.0 
418 310 4.0 
418 311 4.0 
418 312 4.0 
418 313 4.0 
418 314 4.0 
419 300 4.0 
419 301 4.0 
419 302 4.0 
419 303 4.0 
419 304 4.0 
419 305 4.0 
419 306 4.0 
419 307 4.0 
419 308 4.0 
419 309 4.0 
419 310 4.0 
419 311 4.0 
419 312 4.0 
419 316 4.0 
420 300 4.0 
420 301 4.0 
420 302 4.0 
420 303 4.0 
420 304 4.0 
420 305 4.0 
420 306 4.0 
420 307 4.0 
420 308 4.0 
420 309 4.0 
420 310 4.0 
420 311 4.0 
420 314 4.0 
421 300 4.0 
421 301 4.0 
421 302 4.0 
421 303 4.0 
421 304 4.0 
421 305 4.0 
421 306 4.0 
421 307 4.0 
421 308 4.0 
421 309 4.0 
421 310 4.0 
421 313 4.0 
421 314 4.0 
422 300 5.0 
422 301 4.0 
422 302 4.0 
422 303 4.0 
422 304 4.0 
422 305 4.0 
422 306 4.0 
422 307 4.0 
422 308 4.0 
422 309 4.0 
422 310 4.0 
422 313 4.0 
422 314 4.0 
423 300 5.0 
423 301 5.0 
423 302 5.0 
423 303 4.0 
423 304 4.0 
423 305 4.0 
423 306 4.0 
423 307 4.0 
423 308 4.0 
423 309 4.0 
423 312 4.0 
423 313 4.0 
424 300 6.0 
424 301 5.0 
424 302 5.0 
424 303 5.0 
424 304 5.0 
424 305 4.0 
424 306 4.0 
424 307 4.0 
424 308 4.0 
424 311 4.0 
424 312 4.0 
425 300 6.0 
425 301 6.0 
425 302 6.0 
425 303 5.0 
425 304 5.0 
425 305 4.0 
425 306 4.0 
425 307 4.0 
425 310 4.0 
425 311 4.0 
425 312 4.0 
426 300 7.0 
426 301 6.0 
426 302 6.0 
426 303 6.0 
426 304 5.0 
426 305 4.0 
426 306 4.0 
426 309 4.0 
426 310 4.0 
426 311 4.0 
426 312 4.0 
426 313 4.0 
427 304 5.0 
427 305 4.0 
427 308 4.0 
427 309 4.0 
427 310 4.0 
427 311 4.0 
427 312 4.0 
427 313 4.0 
428 300 7.0 
428 301 7.0 
428 302 6.0 
428 307 4.0 
428 308 4.0 
428 309 4.0 
428 310 4.0 
428 311 4.0 
428 312 4.0 
428 313 4.0 
428 314 4.0 
429 300 7.0 
429 301 7.0 
429 302 7.0 
429 303 6.0 
429 304 5.0 
429 305 5.0 
429 306 5.0 
429 307 5.0 
429 308 4.0 
429 309 4.0 
429 310 4.0 
429 311 4.0 
429 312 4.0 
429 313 4.0 
429 314 4.0 
